500
548
17946
254
16171
28293
16263
6461
10266
24822
6591
19006
22880
30346
31247
28262
9438
22127
21632
11499
19201
23854
31242
7993
6806
3375
22277
26005
17120
26748
30176
28416
3048
6086
6677
30814
26901
685
1884
1751
6652
15676
18720
24958
19833
28339
3631
20016
31487
5514
27829
5567
26156
19634
8811
4944
161
30238
9484
21250
7696
28290
5897
977
11926
11867
29821
16569
29516
31791
3171
29982
24857
5142
6663
24683
9674
26745
4794
31994
868
24602
31690
20020
30136
13652
23729
23033
22073
23205
8589
20802
29195
2153
464
11268
18012
22504
16185
15448
22263
3987
20739
31962
21270
1163
20316
7758
31864
13667
13080
6282
1204
551
15783
17040
21709
9629
7492
13818
29446
21450
8560
411
31480
8632
5023
28515
23521
6775
2097
24963
20799
9570
15267
2770
18846
8611
20487
1647
12206
23290
32433
4776
18840
15290
4660
29467
8850
24596
15501
15899
12978
28311
7581
6486
14591
23032
3549
10676
31694
28687
333
14978
25420
23075
5805
24527
8791
29287
9968
6166
24978
4804
26862
12574
8376
16601
32089
29727
16944
23361
30450
23846
29922
11284
13052
25018
28746
1200
5617
2752
14026
18105
117
26012
21061
32350
4232
4249
16105
29150
767
26251
30796
19019
18741
3507
23739
14735
9982
28130
23247
16812
27868
20961
7488
328
8822
14353
10494
10600
13637
5711
8574
124
32657
5402
10066
5788
15260
1528
1277
3857
14109
6421
7685
8983
23279
5678
21578
16865
23307
7341
22421
29150
8884
12054
4980
22331
20721
3489
12102
937
22848
9257
21650
29536
7305
3908
12189
23395
3665
31924
24123
11526
14896
27390
16613
29358
15749
3160
25100
27097
2408
20680
26541
32350
224
23435
17190
2805
18262
26548
4936
761
21322
24597
27821
26989
6469
11874
31819
14654
25359
1428
14410
8903
10017
11148
4883
17050
29789
1529
25770
13694
17917
28283
32317
11700
21450
4617
7165
28031
12942
24464
10540
19171
22731
18908
2679
8364
23469
24764
25223
20658
30782
1377
1235
15196
15577
15880
2744
20579
26337
27865
16075
7384
18610
28174
21102
31337
19416
24919
4513
17376
25472
8829
2331
13036
811
13638
21146
19236
28074
10394
31607
30281
28742
13539
14717
13771
24127
6586
25083
3471
24696
32447
22296
3056
28016
23496
24423
4868
32116
11327
7099
18208
20243
29125
3901
18078
20435
18971
28091
3805
32034
7235
9283
12938
20879
8418
20465
17694
4666
18921
5893
8104
4233
19828
6200
25293
13341
22515
25681
23053
24837
10631
13811
9288
3633
8879
23481
17792
8233
1059
2181
1504
23551
26112
32276
16893
1665
10790
17878
4189
948
28126
27645
24630
2686
16065
28884
30071
16547
5845
25683
26124
21235
25592
24560
31838
24001
7810
21175
8986
14742
13094
21405
15924
39
17433
28178
5419
23941
1398
7381
12942
404
14562
26380
23743
17854
3180
21396
3063
23272
24758
9878
394
5029
14938
7515
25709
7850
25223
7265
1781
17795
31467
942
14817
900
2262
7524
20635
2305
15260
23190
15035
32450
29243
21082
22221
7601
17469
14111
25172
28374
4576
13889
